4,49983909982249	4,49983909982249	4,49983909982249	4,49983909982249	4,49983909982249	4,49983909982249	4,49983909982249	4,49983909982249	4,49983909982249	4,49983909982249	4,49983909982249	4,49983909982249	4,49983909982249	4,49983909982249	4,49983909982249	4,49983909982249	4,49983909982249	
4,49983909982249	4,49983909982249	4,49983909982249	4,49983909982249	4,49983909982249	4,49983909982249	4,49983909982249	4,49983909982249	4,49983909982249	4,49983909982249	4,49983909982249	4,49983909982249	4,49983909982249	4,49983909982249	4,49983909982249	4,49983909982249	4,49983909982249	
4,49983909982249	4,49983909982249	4,49983909982249	4,49983909982249	4,49983909982249	4,49983909982249	4,49983909982249	4,49983909982249	4,49983909982249	4,49983909982249	4,49983909982249	4,49983909982249	4,49983909982249	4,49983909982249	4,49983909982249	4,49983909982249	4,49983909982249	
4,49983909982249	4,49983909982249	4,49983909982249	4,49983909982249	4,49983909982249	4,49983909982249	4,49983909982249	4,49983909982249	4,49983909982249	4,49983909982249	4,49983909982249	4,49983909982249	4,49983909982249	4,49983909982249	4,49983909982249	4,49983909982249	4,49983909982249	
4,49983909982249	4,49983909982249	4,49983909982249	4,49983909982249	4,49983909982249	4,49983909982249	4,49983909982249	4,49983909982249	4,49983909982249	4,49983909982249	4,49983909982249	4,49983909982249	4,49983909982249	4,49983909982249	4,49983909982249	4,49983909982249	4,49983909982249	
4,49983909982249	4,49983909982249	4,49983909982249	4,49983909982249	4,49983909982249	4,49983909982249	4,49983909982249	4,49983909982249	4,49983909982249	4,49983909982249	4,49983909982249	4,49983909982249	4,49983909982249	4,49983909982249	4,49983909982249	4,49983909982249	4,49983909982249	
4,49983909982249	4,49983909982249	4,49983909982249	4,49983909982249	4,49983909982249	4,49983909982249	4,49983909982249	4,49983909982249	4,49983909982249	4,49983909982249	4,49983909982249	4,49983909982249	4,49983909982249	4,49983909982249	4,49983909982249	4,49983909982249	4,49983909982249	
4,49983909982249	4,49983909982249	4,49983909982249	4,49983909982249	4,49983909982249	4,49983909982249	4,49983909982249	4,49983909982249	4,49983909982249	4,49983909982249	4,49983909982249	4,49983909982249	4,49983909982249	4,49983909982249	4,49983909982249	4,49983909982249	4,49983909982249	
4,49983909982249	4,49983909982249	4,49983909982249	4,49983909982249	4,49983909982249	4,49983909982249	4,49983909982249	4,49983909982249	4,49983909982249	4,49983909982249	4,49983909982249	4,49983909982249	4,49983909982249	4,49983909982249	4,49983909982249	4,49983909982249	4,49983909982249	
4,49983909982249	4,49983909982249	4,49983909982249	4,49983909982249	4,49983909982249	4,49983909982249	4,49983909982249	4,49983909982249	4,49983909982249	4,49983909982249	4,49983909982249	4,49983909982249	4,49983909982249	4,49983909982249	4,49983909982249	4,49983909982249	4,49983909982249	
